3.949076610105231588e-02 2.055525651576580945e-02 1.091109993179649983e-02 5.405762795213330668e-03
3.086342740645875785e-02 1.432221549542525736e-02 7.538954301890784561e-03 3.778428852718739711e-03
2.286338931678669195e-02 1.235458033229338594e-02 6.525274412599889329e-03 2.912602714601257754e-03
2.230991664225550827e-02 1.003398938186950487e-02 5.113068770907610444e-03 2.509228036351007340e-03
1.767900546042258658e-02 7.724747181290603747e-03 4.503009128621554037e-03 2.384710483865777261e-03
1.583533627579379599e-02 8.541414498683138831e-03 4.192761134988977172e-03 1.991542816051191257e-03
1.558092974834130590e-02 8.409257495560372095e-03 3.882311461849275672e-03 1.763941097493185823e-03
1.521992061959758814e-02 7.159035084416295359e-03 3.268293121103886707e-03 1.690896924116818550e-03
1.417830078553808555e-02 6.538369529138298754e-03 3.025226389610089200e-03 1.705836573419277627e-03
1.407796927014169988e-02 5.865478337944886843e-03 3.119865667296889931e-03 1.650504018880293499e-03
1.174272703428203175e-02 5.823970872578730119e-03 3.021939797232179974e-03 1.571107908875961443e-03
1.116594199781314675e-02 6.119484538508622798e-03 3.000114264218904474e-03 1.660240750818329928e-03
1.024424411407993778e-02 5.997613949971742492e-03 2.653344566833716438e-03 1.641220491535266574e-03
1.231191698057640740e-02 5.486653014500898068e-03 2.800817761283729782e-03 1.458742041105801990e-03
1.118314370092430600e-02 5.644050176180128060e-03 2.512332429239500214e-03 1.333157605622182790e-03
1.200918529713967259e-02 5.395620957969480061e-03 2.540761122554783917e-03 1.290197618680004451e-03
8.851749776143632772e-03 5.334153980636136862e-03 2.496895018807870036e-03 1.285377030026354974e-03
9.978906399973414693e-03 5.412718223960910104e-03 2.554184594046087203e-03 1.286798258844592049e-03
9.667875606241733283e-03 4.692213937069504223e-03 2.495726836671802781e-03 1.102993653640974275e-03
1.043219431283300483e-02 5.205283853872098680e-03 2.412374275598382339e-03 1.237707878227502440e-03
8.806110185117300634e-03 4.485695883598101417e-03 2.377877739013120259e-03 1.178049593867964377e-03
9.256996045621496139e-03 4.684869116415184276e-03 2.318401625621432146e-03 1.124040796231611655e-03
1.019376599282430934e-02 4.550167438538901300e-03 2.206392486008446757e-03 1.239235361670880517e-03
9.396535233767639925e-03 4.347269947325572113e-03 2.034127930801054446e-03 1.213861746400634331e-03
9.673670904631536879e-03 4.425219093986712711e-03 2.219999205895568668e-03 1.197737972190243390e-03
9.612715017828779226e-03 4.456584083278341234e-03 2.202924798070736000e-03 1.102170797505910458e-03
8.884822051509195032e-03 4.193373091546127689e-03 2.303721358783053508e-03 1.117794217125864459e-03
7.965703511021800590e-03 4.422211906456095624e-03 2.165617754683956276e-03 1.061418038892691755e-03
7.658126523796213343e-03 4.470972858394342726e-03 2.261887615671078541e-03 1.033392688143037292e-03
7.709302707513090124e-03 3.807549487043350445e-03 1.831416627422360801e-03 9.184720083379794339e-04
8.114591202504956371e-03 4.684436538634195561e-03 2.272562928916133790e-03 1.018058965042038322e-03
7.676052823134312496e-03 4.161017635108206839e-03 2.083358296141237399e-03 1.003734604535951947e-03
8.680187995048747190e-03 4.177233626864567881e-03 2.143771736365024990e-03 1.045762582213931790e-03
8.892407734855065429e-03 4.525543151226976181e-03 2.109716566987935530e-03 1.112429313074495430e-03
7.425329969583050610e-03 4.410683040332047909e-03 1.827029121794810545e-03 8.361263586789271325e-04
7.445968675333911914e-03 4.025867613819512393e-03 1.680912074274503983e-03 8.778229759462042757e-04
8.356555905853399122e-03 3.862351101946737923e-03 1.754873419216599045e-03 9.559736460708874797e-04
8.573623364471823216e-03 3.902305162356931294e-03 1.823739281409575115e-03 9.303974930837198131e-04
