3.904825757902025685e-01 3.946469282696752900e-01 3.931870950348473337e-01 3.936015912539356787e-01
3.930796459214424554e-01 3.967828383569100281e-01 3.950658948128759063e-01 3.934816157770537615e-01
3.922614877854631033e-01 3.951002353259429056e-01 3.955841061013593007e-01 3.933478499653545457e-01
3.976879852520399661e-01 3.966196653636794300e-01 3.942842073379912993e-01 3.924406328548656342e-01
3.953026384041385954e-01 3.943153088656338734e-01 3.931971079545334424e-01 3.924905274576999670e-01
3.957736525413685924e-01 3.935592575748387834e-01 3.959669992222429880e-01 3.941292641695183230e-01
3.949120317074429898e-01 3.935528761150765553e-01 3.951598584390170754e-01 3.938475376830022912e-01
3.947566663351148586e-01 3.965975270176245182e-01 3.940683579388651325e-01 3.944881683753602153e-01
3.892067122418405578e-01 3.953143710494617658e-01 3.948391915464940505e-01 3.946887424469938677e-01
3.940548817971589735e-01 3.949090578082957159e-01 3.942513723254124081e-01 3.947294364539997158e-01
3.979183661948146322e-01 3.917829295123789191e-01 3.937995495699045945e-01 3.944833823442733256e-01
3.943585382858024180e-01 3.954380921788271941e-01 3.946981178065010476e-01 3.935662878228148309e-01
3.979535089350041410e-01 3.954078940425482247e-01 3.933794496302179811e-01 3.936482744856491522e-01
3.954507654480769463e-01 3.927463130342830899e-01 3.934688476197572005e-01 3.919741122146888079e-01
3.972623579270516680e-01 4.007781449360791060e-01 3.933551791107862683e-01 3.926562358160908262e-01
3.924836328132099705e-01 3.939315258088514904e-01 3.931775837161840537e-01 3.918375515794539354e-01
3.927753247953644222e-01 3.947671621555591259e-01 3.911808536919621493e-01 3.911041757970664112e-01
4.009407096323668873e-01 3.899836985018246827e-01 3.912713754669795430e-01 3.902086868558213850e-01
4.017965997534986844e-01 3.910260033761832066e-01 3.914099204141111565e-01 3.904547461747684411e-01
4.012082333512465571e-01 3.901502807544030560e-01 3.903549415922977772e-01 3.896162611505936124e-01
4.009746165431769538e-01 3.948129034638159784e-01 3.895084666577459664e-01 3.896987818257201530e-01
3.932448934793739692e-01 3.896329951118707169e-01 3.912906524272960485e-01 3.894124599418632982e-01
3.948494760622523470e-01 3.897985594497283546e-01 3.900455324197820151e-01 3.895916332297784113e-01
3.954463503467225971e-01 3.905141739654732769e-01 3.899891962503555520e-01 3.882294077246011277e-01
3.897810659974298431e-01 3.882691183930582213e-01 3.876069258275905427e-01 3.890365649100375744e-01
3.942199298338356916e-01 3.940128799933336201e-01 3.910816324814082035e-01 3.890309445137435929e-01
3.899552204240373521e-01 3.944664285805410398e-01 3.870586272110180248e-01 3.872971252213538440e-01
3.897425445358789764e-01 3.918358287144624863e-01 3.886396234723247800e-01 3.887365433580739493e-01
3.892620917457347285e-01 3.903390130990341267e-01 3.890694909301353754e-01 3.881620946637245329e-01
3.913218386431728257e-01 3.930684037843877321e-01 3.872194113632141388e-01 3.876050325582521272e-01
3.896641465592503017e-01 3.914545843668046365e-01 3.893218485337818224e-01 3.878607937448192433e-01
3.849258564508613034e-01 3.912958080235598990e-01 3.898877211911486729e-01 3.881855593675397897e-01
3.880501186522692936e-01 3.886765163063813366e-01 3.895429535410414590e-01 3.877084585073330980e-01
3.895872761656204442e-01 3.909852263288209340e-01 3.864666611017235631e-01 3.872842147262497980e-01
3.864876448251950980e-01 3.874288501764143189e-01 3.867894220879479206e-01 3.869957180302825428e-01
3.915218436545696012e-01 3.889243997555021926e-01 3.900663932030504766e-01 3.876618067037364557e-01
3.929937776398022553e-01 3.933429609803250071e-01 3.873152029781389283e-01 3.876693591048110399e-01
3.931938904444570726e-01 3.917283092351897533e-01 3.892060318189458634e-01 3.871026694118775979e-01
